20 904963031
75774865 60575034 564834120
25616292 93892328 541641599
52880192 97316634 203435274
61773588 33466846 342335695
52309834 63118564 472777255
21211517 2757444 425887118
23557640 43329264 512944917
42555485 22292277 781802618
64205815 82620577 658379130
8062914 63868571 348188362
60252742 5231337 210947376
80171498 48517763 376293485
33900321 21781920 980236321
87731216 73508075 388016300
87642954 95348012 774955695
3403547 58683549 102179713
85257273 59258674 130685476
31096654 55210719 458061399
72845531 67694946 103662049
77842721 43074957 397015266
